company,email,phone
Alani Skin MD,,(480) 993-2218
Aspire Dental Wellness,info@aspiredw.com,(980) 999-4439
Athena Pools,,(512) 914-0554
BCB Homes,info@bcbhomes.com,(239) 643-1004
Blume Skin & Body,,(480) 699-7999
Borelli Construction of Naples,info@borelliconstructionofnaples.com,(239) 263-7900
Brady Family Dentistry,info@bradyfamilydentistry.com,(704) 321-0414
Calvis Wyant Luxury Homes,info@calviswyant.com,(480) 905-0200
Cascade Custom Pools,,(512) 264-2453
Charlotte Center for Cosmetic Dentistry,,(704) 364-4711
Charlotte Dental Arts,info@charlottedentalarts.com,(704) 397-4332
Derma Health Skin & Laser,,(480) 470-5747
Glo Medspa,,(480) 245-6881
Kaye Lifestyle Homes,,(239) 434-5293
MDSkin Lounge,,(833) 640-2486
Moderne Medical,info@modernemedical.com,(480) 477-7726
Providence Dentistry,,(704) 246-5346
Robbins Plastic Surgery,,(615) 237-5552
Scottsdale Center for Plastic Surgery,info@scottsdalecenterforplasticsurgery.com,(480) 423-1973
SouthView Cosmetic Dentistry,info@southviewdentistrycharlotte.com,(704) 333-4760
ZONA Med Spa,,(480) 299-4975
Elysian MedSpa & Wellness,info@elysianmedspalv.com,(725) 253-2002
Innovative Pools and Spas,innovativepools@sbcglobal.com,(512) 563-5958
Love Your Body Medical Spa,lybms@aol.com,(702) 213-5948
Charlotte Dentistry,info@charlottedentistry.com,(704) 285-0846
Charlotte Family Dentistry,info@cltfamilydentistry.com,(704) 247-6499
Chic la Vie Med Spa,info@chiclavie.com,(702) 233-8535
Divco Custom Homes,info@divcohomes.com,(239) 592-7222
Inspired Dentistry of Charlotte,info@inspireddoc.com,(980) 595-8245
Medspa-LV,info@medspa-lv.com,(702) 485-3409
Midtown General & Cosmetic Dentistry,info@charlottemidtowndentistry.com,(704) 307-4525
Nuve Clinic Med Spa,info@nuvelifestyle.com,(702) 602-4030
Pearl Medspa,info@pearlmedspa.com,(480) 409-2717
Providence Dentistry Charlotte,info@providencedentistrycharlotte.com,(704) 246-5346
The Skin Shop Medspa,info@theskinshopmedspascottsdale.com,(480) 948-1759
Newport Beach MedSpa,info@newportbeachmedspa.com,(949) 631-2800
Bell Dental Group,info@belldentalgroup.com,(513) 802-9440
Ruther Family Dentistry,info@rutherdentistry.com,(513) 489-5599
Shertok Smiles,info@shertoksmiles.com,(513) 721-5924
OKC Dental Arts,info@okcdentalarts.com,(405) 848-6743
OKC Smiles,info@okcsmiles.com,(405) 634-7303
Reflections Dental Care,info@reflectionsdentalcare.com,(405) 751-4556
Ring Family Dentistry,info@ringfamilydentistry.com,(405) 621-1555
River City Family Dentistry,info@rivercityfamilydentistry.org,(502) 893-0176
Springhurst Hills Dentistry,info@springhursthillsdentistry.com,(502) 365-9699
Dean Cosmetic Dentistry,info@deancosmeticdentistry.com,(865) 539-1119
Murphy Dental Center,office@murphydentalcentertn.com,(865) 219-5867
Family Dentistry of Knoxville,info@familydentistryknoxville.com,(865) 345-5129
Heritage Family Dentistry Knoxville,info@hfdsmiles.com,(865) 800-4664
Pristine Smiles TN,info@pristinesmilestn.com,(865) 693-9474
South Knox Dental,info@southknoxdental.com,(865) 577-7535
